 459  401  376  331  319  302  334  324  382  424  580 
 444  372  332  310  299  293  303  322  355  407  479 
 462  355  320  297  287  278  288  308  336  385  483 
 374  353  311  288  273  274  279  298  331  376  479 
 380  344  303  282  266  263  274  294  321  374  424 
 374  343  303  279  262  259  271  290  321  366  462 
 394  339  300  277  262  257  269  289  320  360  427 
 389  337  305  276  265  255  270  291  320  364  453 
 408  345  305  282  265  263  276  295  322  368  435 
 418  351  312  292  277  273  280  299  329  374  444 
 418  358  322  295  282  281  291  309  338  387  479 
 435  371  328  309  298  290  301  316  351  397  472 
 432  367  316  319  298  295  287  298  341  382  479 

 483  393  337  327  318  318  302  341  373  455  622 
 469  382  342  311  301  295  303  324  356  417  515 
 417  365  325  302  287  284  291  310  342  397  469 
 402  356  319  290  278  273  278  297  331  384  469 
 403  349  311  283  268  264  275  294  324  375  455 
 393  346  306  280  264  258  268  289  318  370  441 
 387  343  304  278  260  253  267  289  319  371  449 
 417  347  307  278  262  256  269  290  322  370  449 
 423  348  311  279  269  261  272  293  324  377  460 
 412  354  316  287  275  271  281  301  332  382  481 
 419  366  326  299  285  281  289  307  340  396  481 
 447  381  340  308  295  292  301  318  354  412  483 
 449  388  336  320  300  287  306  324  358  427  488 

 502  412  358  332  329  312  319  344  366  453  606 
 440  385  342  317  302  298  307  329  362  420  530 
 461  370  331  307  290  286  296  314  348  402  482 
 417  359  321  297  281  276  282  301  335  387  468 
 423  352  315  288  272  268  278  296  328  376  442 
 402  350  310  285  268  262  273  291  322  372  448 
 402  348  309  282  265  255  271  289  323  375  459 
 430  350  310  283  266  261  274  291  325  376  436 
 417  353  313  284  274  265  275  297  328  380  448 
 414  356  317  292  280  275  286  306  334  385  459 
 414  371  332  304  289  284  295  310  347  402  497 
 442  385  344  314  299  296  305  323  358  412  494 
 442  387  342  313  321  298  304  331  361  419  510 

 336  274  235  227  221  221  210  237  260  317  433 
 326  266  238  216  209  205  211  225  247  290  358 
 290  253  226  210  199  198  203  215  238  276  326 
 279  247  222  202  193  190  193  207  230  267  326 
 280  243  216  197  186  183  191  204  225  260  317 
 274  241  213  194  184  180  186  201  221  257  307 
 269  238  212  193  181  176  185  201  222  258  312 
 290  241  213  193  182  178  187  201  224  258  312 
 294  242  216  194  187  182  189  204  225  262  320 
 287  246  220  200  191  189  196  209  231  266  334 
 292  254  227  208  198  196  201  214  237  275  334 
 311  265  236  214  205  203  209  221  246  287  336 
 312  270  234  223  209  199  213  225  249  297  340 

